Game: 105
Max Score: 9526
mavg_life: [824.4666666666667, 1716.5999999999999, 2373.0, 2795.4000000000001, 3198.5999999999999, 3577.4000000000001, 4046.0, 4421.1999999999998, 4902.3999999999996, 5400.8000000000002, 5855.6000000000004, 6306.3999999999996, 6755.0, 7143.0, 7560.0, 8018.6000000000004, 8492.2000000000007, 9037.7999999999993, 9420.7999999999993]
var_life: [205371.98222222223, 11827.440000000001, 33204.0, 12433.439999999999, 18153.84, 12379.040000000001, 15940.799999999999, 11973.759999999998, 33815.840000000004, 22100.16, 14512.639999999996, 21337.84, 26679.200000000001, 13176.0, 20439.200000000001, 17550.639999999996, 23302.560000000001, 27886.960000000003, 9954.1599999999999]
mavg_score: [-4.0, -4.0, -4.0, -4.0, -4.0, -4.0, -4.0, -4.0, -4.0, -4.0, -4.0, -4.0, -4.0, -4.0, -4.0, -4.0, -4.0, -4.0, -4.0]
var_score: [0.0, 0.0, 0.0, 0.0, 0.0, 0.0, 0.0, 0.0, 0.0, 0.0, 0.0, 0.0, 0.0, 0.0, 0.0, 0.0, 0.0, 0.0, 0.0]
