Game: 255
Max Score: 27470
mavg_life: [723.8, 1548.4, 1968.2, 2293.4, 2799.0, 3203.4, 3767.8, 4106.2, 4597.6, 4961.6, 5739.8, 6165.4, 6695.2, 7218.4, 7814.2, 8237.8, 8840.8, 9338.8, 10004.0, 10432.8, 11131.4, 11499.4, 12009.6, 12424.4, 13191.4, 13622.2, 14262.2, 14733.8, 15229.8, 15549.6, 16221.2, 16570.4, 17134.6, 17592.2, 18191.4, 18664.8, 19237.0, 19709.6, 20350.2, 20886.8, 21500.4, 22093.2, 22687.8, 23140.4, 23692.8, 24601.6, 24956.6, 25392.4, 26202.4]
var_life: [126769.62666666666, 32085.04, 31655.76, 32964.240000000005, 23969.2, 29152.639999999996, 41322.16, 46591.759999999995, 34664.24, 29353.840000000004, 48922.96000000001, 39863.03999999999, 75470.95999999999, 110012.23999999999, 24822.559999999998, 15642.16, 68576.95999999999, 62668.56, 76036.4, 103357.76, 89733.04000000001, 73889.84, 100503.44000000002, 100287.04000000001, 99049.84, 65710.16, 111542.16, 78908.16, 71146.16, 63571.04, 45037.36, 43899.03999999999, 73819.04, 62774.56000000001, 18745.440000000002, 11898.560000000001, 63746.8, 63303.43999999999, 38290.96, 84856.15999999999, 35194.64, 41870.96, 40438.159999999996, 37697.44, 63923.36, 46106.240000000005, 74386.24000000002, 73732.23999999999, 978031.0399999998]
mavg_score: [-4.0, -4.0, -4.0, -4.0, -4.0, -4.0, -4.0, -4.0, -4.0, -4.0, -4.0, -4.0, -4.0, -4.0, -4.0, -4.0, -4.0, -4.0, -4.0, -4.0, -4.0, -4.0, -4.0, -4.0, -4.0, -4.0, -4.0, -4.0, -4.0, -4.0, -4.0, -4.0, -4.0, -4.0, -4.0, -4.0, -4.0, -4.0, -4.0, -4.0, -4.0, -4.0, -4.0, -4.0, -4.0, -4.0, -4.0, -4.0, -4.0]
var_score: [0.0, 0.0, 0.0, 0.0, 0.0, 0.0, 0.0, 0.0, 0.0, 0.0, 0.0, 0.0, 0.0, 0.0, 0.0, 0.0, 0.0, 0.0, 0.0, 0.0, 0.0, 0.0, 0.0, 0.0, 0.0, 0.0, 0.0, 0.0, 0.0, 0.0, 0.0, 0.0, 0.0, 0.0, 0.0, 0.0, 0.0, 0.0, 0.0, 0.0, 0.0, 0.0, 0.0, 0.0, 0.0, 0.0, 0.0, 0.0, 0.0]
